Mij table:
['1', '2', '3', '4', '5']
[[ 0.   -5.07 -3.11 -3.27 -2.73]
 [-5.07  0.   -2.94 -3.25 -2.92]
 [-3.11 -2.94  0.   -3.63 -4.5 ]
 [-3.27 -3.25 -3.63  0.   -4.03]
 [-2.73 -2.92 -4.5  -4.03  0.  ]]
We're gonna join 1 and 2 in this step and the node is (1,2)
distance to the parent: 1: 0.1883 ;2: 0.1217
updated dis matrix
['3', '4', '5', '(1,2)']
[[ 0.     0.61   0.42   0.85 ]
 [ 0.61   0.     0.37   0.565]
 [ 0.42   0.37   0.     0.81 ]
 [ 0.85   0.565  0.81   0.   ]]
Mij table:
['3', '4', '5', '(1,2)']
[[ 0.    -1.595 -2.22  -1.555]
 [-1.595  0.    -2.035 -2.075]
 [-2.22  -2.035  0.    -1.395]
 [-1.555 -2.075 -1.395  0.   ]]
We're gonna join 3 and 5 in this step and the node is (3,5)
distance to the parent: 3: 0.2567 ;5: 0.1633
updated dis matrix
['4', '(1,2)', '(3,5)']
[[ 0.     0.565  0.28 ]
 [ 0.565  0.     0.62 ]
 [ 0.28   0.62   0.   ]]
final results:
[('1', '2', '0.1883', '0.1217'), ('3', '5', '0.2567', '0.1633'), ('4', '(1,2)', '(3,5)', '0.1125', '0.4525', '0.1675')]