[array([[ 0.010253  , -0.98040373, -0.19673179],
       [-0.99741056,  0.00397837, -0.07180772],
       [ 0.07118323,  0.19695861, -0.97782425]]), 
array([[ 0.54098913, -0.32073724, -0.77746922],
       [-0.45458944,  0.66623537, -0.59116738],
       [ 0.70758688,  0.67324443,  0.21462233]]), 
array([[-0.49603827, -0.30685226,  0.81227318],
       [ 0.14199284,  0.89421538,  0.42451961],
       [-0.85661197,  0.32591494, -0.39999422]]), 
array([[-0.63369168,  0.41344017,  0.65383644],
       [ 0.08026694, -0.80549955,  0.58713516],
       [ 0.76941021,  0.42454411,  0.47725279]])]